95.7 98.2579 102.195 104.46 107.86 106.635 105.86 106.327 105.167 105.02 
96.8988 95.73 102.32 102.706 103.68 103.382 106.44 104.918 104.497 104.722 
99.3761 102.425 100.971 97.9606 96.13 105.13 104.587 104.015 104.39 104.205 
100.716 102.25 102.365 100.011 96.19 104.05 104.113 103.75 103.76 104.064 
101.075 101.004 102.373 103.83 103.893 102.758 104.053 103.88 103.794 103.745 
104.32 102.785 103.196 103.877 104.063 104.372 104.551 104.635 104.096 102.995 
103.876 104.24 104.355 103.71 103.9 105.38 104.65 104.84 104.535 103.17 
105.465 104.958 105.115 104.355 104.769 106.05 105.935 105.687 104.996 103.35 
103.509 104.771 105.035 105.22 105.112 105.536 105.92 105.85 105.917 104.047 
104.27 104.355 104.45 104.726 105.033 104.888 105.287 105.5 105.025 103.915 

max=107.86
novalue=0
95.7 98.2579 102.195 104.46 107.86 106.635 105.86 106.327 105.167 105.02 
96.8988 117.86 117.86 117.86 117.86 117.86 117.86 117.86 117.86 104.722 
99.3761 117.86 117.86 117.86 117.86 117.86 117.86 117.86 117.86 104.205 
100.716 117.86 117.86 117.86 117.86 117.86 117.86 117.86 117.86 104.064 
101.075 117.86 117.86 117.86 117.86 117.86 117.86 117.86 117.86 103.745 
104.32 117.86 117.86 117.86 117.86 117.86 117.86 117.86 117.86 102.995 
103.876 117.86 117.86 117.86 117.86 117.86 117.86 117.86 117.86 103.17 
105.465 117.86 117.86 117.86 117.86 117.86 117.86 117.86 117.86 103.35 
103.509 117.86 117.86 117.86 117.86 117.86 117.86 117.86 117.86 104.047 
104.27 104.355 104.45 104.726 105.033 104.888 105.287 105.5 105.025 103.915 

95.7 98.2579 102.195 104.46 107.86 106.635 105.86 106.327 105.167 105.02 
96.8988 96.7 102.32 102.706 103.68 103.971 106.44 105.971 105.205 104.722 
99.3761 102.425 100.971 101.971 102.971 105.13 104.971 105.745 105.064 104.205 
100.716 102.25 102.365 101.971 102.971 104.05 104.971 104.995 104.745 104.064 
101.075 101.716 102.716 103.83 103.893 103.971 104.971 104.995 103.995 103.745 
104.32 102.785 103.196 103.877 104.83 104.893 104.971 104.995 104.096 102.995 
103.876 104.24 104.355 104.196 104.877 105.83 105.893 105.096 104.535 103.17 
105.465 104.958 105.196 105.196 105.196 106.05 106.096 105.687 104.996 103.35 
103.509 104.771 105.355 105.45 105.726 105.888 105.92 105.996 105.917 104.047 
104.27 104.355 104.45 104.726 105.033 104.888 105.287 105.5 105.025 103.915 

0 0 0 0 0 0 0 0 0 0 
0 -0.969994 0 0 0 -0.588997 0 -1.053 -0.708 0 
0 0 0 -4.0104 -6.841 0 -0.384003 -1.73 -0.674004 0 
0 0 0 -1.96 -6.781 0 -0.858002 -1.245 -0.985001 0 
0 -0.712006 -0.343002 0 0 -1.213 -0.917999 -1.11501 -0.201004 0 
0 0 0 0 -0.766998 -0.520996 -0.419998 -0.360001 0 0 
0 0 0 -0.486 -0.976997 -0.450005 -1.243 -0.256004 0 0 
0 0 -0.0810013 -0.840996 -0.427002 0 -0.161003 0 0 0 
0 0 -0.32 -0.229996 -0.613998 -0.351997 0 -0.146004 0 0 
0 0 0 0 0 0 0 0 0 0 
